1	2.2100000000	15208.7809098100
2	2.2431450000	15170.2606748024
3	2.2762900000	15132.5442252158
4	2.3094350000	15095.6241413312
5	2.3425800000	15059.4930323954
6	2.3757250000	15024.1435366208
7	2.4088700000	14989.5683211855
8	2.4420150000	14955.7600822330
9	2.4751600000	14922.7115448729
10	2.5083050000	14890.4154631802
11	2.5414500000	14858.8646201954
12	2.5745950000	14828.0518279249
13	2.6077400000	14797.9699273407
14	2.6408850000	14768.6117883804
15	2.6740300000	14739.9703099473
16	2.7071750000	14712.0384199103
17	2.7403200000	14684.8090751040
18	2.7734650000	14658.2752613287
19	2.8066100000	14632.4299933503
20	2.8397550000	14607.2663149002
21	2.8729000000	14582.7772986758
22	2.9060450000	14558.9560463398
23	2.9391900000	14535.7956885209
24	2.9723350000	14513.2893848130
25	3.0054800000	14491.4303237761
26	3.0386250000	14470.2117229357
27	3.0717700000	14449.6268287828
28	3.1049150000	14429.6689167743
29	3.1380600000	14410.3312913326
30	3.1712050000	14391.6072858457
31	3.2043500000	14373.4902626674
32	3.2374950000	14355.9736131171
33	3.2706400000	14339.0507574799
34	3.3037850000	14322.7151450065
35	3.3369300000	14306.9602539132
36	3.3700750000	14291.7795913820
37	3.4032200000	14277.1666935605
38	3.4363650000	14263.1151255622
39	3.4695100000	14249.6184814660
40	3.5026550000	14236.6703843165
41	3.5358000000	14224.2644861240
42	3.5689450000	14212.3944678643
43	3.6020900000	14201.0540394792
44	3.6352350000	14190.2369398759
45	3.6683800000	14179.9369369272
46	3.7015250000	14170.1478274716
47	3.7346700000	14160.8634373135
48	3.7678150000	14152.0776212226
49	3.8009600000	14143.7842629345
50	3.8341050000	14135.9772751503
51	3.8672500000	14128.6505995368
52	3.9003950000	14121.7982067266
53	3.9335400000	14115.4140963177
54	3.9666850000	14109.4922968739
55	3.9998300000	14104.0268659246
56	4.0329750000	14099.0118899650
57	4.0661200000	14094.4414844558
58	4.0992650000	14090.3097938233
59	4.1324100000	14086.6109914596
60	4.1655550000	14083.3392797225
61	4.1987000000	14080.4888899352
62	4.2318450000	14078.0540823868
63	4.2649900000	14076.0291463319
64	4.2981350000	14074.4083999909
65	4.3312800000	14073.1861905497
66	4.3644250000	14072.3568941599
67	4.3975700000	14071.9149159389
68	4.4307150000	14071.8546899696
69	4.4638600000	14072.1706793005
70	4.4970050000	14072.8573759459
71	4.5301500000	14073.9093008856
72	4.5632950000	14075.3210040653
73	4.5964400000	14077.0870643961
74	4.6295850000	14079.2020897549
75	4.6627300000	14081.6607169841
76	4.6958750000	14084.4576118920
77	4.7290200000	14087.5874692524
78	4.7621650000	14091.0450128046
79	4.7953100000	14094.8249952540
80	4.8284550000	14098.9221982711
81	4.8616000000	14103.3314324926
82	4.8947450000	14108.0475375203
83	4.9278900000	14113.0653819222
84	4.9610350000	14118.3798632315
85	4.9941800000	14123.9859079473
86	5.0273250000	14129.8784715343
87	5.0604700000	14136.0525384230
88	5.0936150000	14142.5031220091
89	5.1267600000	14149.2252646546
90	5.1599050000	14156.2140376865
91	5.1930500000	14163.4645413980
92	5.2261950000	14170.9719050477
93	5.2593400000	14178.7312868597
94	5.2924850000	14186.7378740241
95	5.3256300000	14194.9868826964
96	5.3587750000	14203.4735579978
97	5.3919200000	14212.1931740154
98	5.4250650000	14221.1410338015
99	5.4582100000	14230.3124693744
100	5.4913550000	14239.7028417180
101	5.5245000000	14249.3075407817
102	5.5576450000	14259.1219854807
103	5.5907900000	14269.1416236958
104	5.6239350000	14279.3619322736
105	5.6570800000	14289.7784170260
106	5.6902250000	14300.3866127310
107	5.7233700000	14311.1820831318
108	5.7565150000	14322.1604209377
109	5.7896600000	14333.3172478233
110	5.8228050000	14344.6482144290
111	5.8559500000	14356.1490003608
112	5.8890950000	14367.8153141906
113	5.9222400000	14379.6428934555
114	5.9553850000	14391.6275046586
115	5.9885300000	14403.7649432687
116	6.0216750000	14416.0510337199
117	6.0548200000	14428.4816294123
118	6.0879650000	14441.0526127114
119	6.1211100000	14453.7598949486
120	6.1542550000	14466.5994164207
121	6.1874000000	14479.5671463904
122	6.2205450000	14492.6590830859
123	6.2536900000	14505.8712537011
124	6.2868350000	14519.1997143955
125	6.3199800000	14532.6405502943
126	6.3531250000	14546.1898754884
127	6.3862700000	14559.8438330342
128	6.4194150000	14573.5985949540
129	6.4525600000	14587.4503622355
130	6.4857050000	14601.3953648321
131	6.5188500000	14615.4298616632
132	6.5519950000	14629.5501406133
133	6.5851400000	14643.7525185329
134	6.6182850000	14658.0333412381
135	6.6514300000	14672.3889835106
136	6.6845750000	14686.8158490979
137	6.7177200000	14701.3103707129
138	6.7508650000	14715.8690100344
139	6.7840100000	14730.4882577066
140	6.8171550000	14745.1646333397
141	6.8503000000	14759.8946855092
142	6.8834450000	14774.6749917565
143	6.9165900000	14789.5021585886
144	6.9497350000	14804.3728214779
145	6.9828800000	14819.2836448629
146	7.0160250000	14834.2313221475
147	7.0491700000	14849.2125757012
148	7.0823150000	14864.2241568592
149	7.1154600000	14879.2628459225
150	7.1486050000	14894.3254521575
151	7.1817500000	14909.4088137966
152	7.2148950000	14924.5097980374
153	7.2480400000	14939.6253010436
154	7.2811850000	14954.7522479443
155	7.3143300000	14969.8875928343
156	7.3474750000	14985.0283187740
157	7.3806200000	15000.1714377896
158	7.4137650000	15015.3139908728
159	7.4469100000	15030.4530479811
160	7.4800550000	15045.5857080375
161	7.5132000000	15060.7090989308
162	7.5463450000	15075.8203775153
163	7.5794900000	15090.9167296112
164	7.6126350000	15105.9953700040
165	7.6457800000	15121.0535424452
166	7.6789250000	15136.0885196517
167	7.7120700000	15151.0976033062
168	7.7452150000	15166.0781240570
169	7.7783600000	15181.0274415180
170	7.8115050000	15195.9429442690
171	7.8446500000	15210.8220498550
172	7.8777950000	15225.6622047872
173	7.9109400000	15240.4608845420
174	7.9440850000	15255.2155935616
175	7.9772300000	15269.9238652540
176	8.0103750000	15284.5832619927
177	8.0435200000	15299.1913751169
178	8.0766650000	15313.7458249314
179	8.1098100000	15328.2442607068
180	8.1429550000	15342.6843606791
181	8.1761000000	15357.0638320503
182	8.2092450000	15371.3804109876
183	8.2423900000	15385.6318626244
184	8.2755350000	15399.8159810593
185	8.3086800000	15413.9305893567
186	8.3418250000	15427.9735395467
187	8.3749700000	15441.9427126252
188	8.4081150000	15455.8360185533
189	8.4412600000	15469.6513962583
190	8.4744050000	15483.3868136327
191	8.5075500000	15497.0402675349
192	8.5406950000	15510.6097837890
193	8.5738400000	15524.0934171845
194	8.6069850000	15537.4892514768
195	8.6401300000	15550.7953993868
196	8.6732750000	15564.0100026011
197	8.7064200000	15577.1312317721
198	8.7395650000	15590.1572865176
199	8.7727100000	15603.0863954212
200	8.8058550000	15615.9168160321
201	8.8390000000	15628.6468348652
